#BASIS SET
#Cu DZVP-MOLOPT-SR-GTH DZVP-MOLOPT-SR-GTH-q11
#BASIS SET
Se DZVP-MOLOPT-SR-GTH DZVP-MOLOPT-SR-GTH-q6
 1
 2 0 2 4 2 2 1
      1.465689267622  0.522315327760  0.109434486047  0.302629346132  0.397353185807  0.120897258750
      1.029752381010 -0.177617010578  0.919860707697 -0.349360567622 -0.410169822544 -0.291516752716
      0.303575471349 -1.057800048233 -1.719933785859 -0.653355185785 -0.626545135443 -1.069566209605
      0.107173147417 -0.299101385035  2.073037006457 -0.381186874482  2.208055478040 -0.296658894209
#
END
